   0.25884    0.00531
   0.42507    0.67954
   0.26702    0.25952
   0.60685    0.93599
   0.56299    0.93941
   0.09926    0.24199
   0.76914    0.76265
   0.16860    0.26324
   0.10360    0.30895
   0.04077    0.02168
   0.34220    0.03581
   0.65476    0.35722
   0.06272    0.72359
   0.55089    0.67546
   0.81452    0.27795
   0.60401    0.18074
   0.71497    0.21464
   0.62228    0.60317
   0.97558    0.40356
   0.97239    0.01526
   0.37501    0.78344
   0.22611    0.11197
   0.89614    0.80619
   0.79265    0.01040
   0.25803    0.21683
   0.66240    0.10347
   0.25689    0.26331
   0.42106    0.64482
   0.28346    0.52130
   0.19862    0.10187
   0.03596    0.97088
   0.51421    0.78388
   0.81584    0.63066
   0.25454    0.59019
   0.01124    0.28443
   0.03615    0.06069
   0.39633    0.97230
   0.18572    0.15221
   0.49886    0.47743
   0.29960    0.67787
   0.42066    0.00981
   0.32517    0.58964
   0.06714    0.18676
   0.47952    0.27500
   0.84837    0.90250
   0.31146    0.26258
   0.33035    0.66866
   0.04442    0.45636
   0.29506    0.00072
   0.38761    0.74903
   0.76082    0.45643
   0.31174    0.29148
   0.18567    0.82484
   0.49058    0.56015
   0.30984    0.20199
   0.96771    0.46593
   0.42956    0.55607
   0.95456    0.43021
   0.43121    0.56887
   0.52385    0.50722
